 =============================
 OUTPUT FILE = tmp/jobvars.txt
 =============================
 
       DATE:  4/13/2022
 START TIME: 22:19:52
 
 
 KEY:
 
-----------------------------------------------------------------
TYPE  NAME                            DIM   LOC             IDNUM
-----------------------------------------------------------------
'D'   'X'                              1     1                1
'D'   'X'                              1     2                2
'D'   'X'                              1     3                3
'D'   'X'                              1     4                4
'O'   'COST'                           0                      5
'P'   'NDV'                            0                      6
'P'   'NCON'                           0                      7
'P'   'MODE'                           0                      8
'P'   'DIVISIONS'                      0                      9
'P'   'PCOST'                          0                     10
-----------------------------------------------------------------
 
 
-----------------------------------------------------------------
     FCALL   TELAPSE(HR)             1             2             3             4             5             6             7             8             9            10
-----------------------------------------------------------------
         1        0.0000   0.10000E+04   0.10000E+04   0.10000E+04   0.10000E+04   0.74729E+07   0.40000E+01   0.00000E+00   0.10000E+01   0.10000E+02   0.00000E+00   0.74729E+07
         6        0.0000   0.94930E+03   0.10347E+04   0.10497E+04   0.10884E+04   0.71644E+07   0.40000E+01   0.00000E+00   0.10000E+01   0.10000E+02   0.00000E+00   0.71644E+07
         7        0.0000   0.92266E+03   0.10248E+04   0.10557E+04   0.10731E+04   0.65526E+07   0.40000E+01   0.00000E+00   0.10000E+01   0.10000E+02   0.00000E+00   0.65526E+07
        11        0.0000   0.87955E+03   0.10169E+04   0.10725E+04   0.10375E+04   0.59514E+07   0.40000E+01   0.00000E+00   0.10000E+01   0.10000E+02   0.00000E+00   0.59514E+07
        20        0.0000   0.98952E+03   0.85151E+03   0.10542E+04   0.96634E+03   0.54654E+07   0.40000E+01   0.00000E+00   0.10000E+01   0.10000E+02   0.00000E+00   0.54654E+07
        22        0.0000   0.87187E+03   0.90617E+03   0.10941E+04   0.95831E+03   0.34548E+07   0.40000E+01   0.00000E+00   0.10000E+01   0.10000E+02   0.00000E+00   0.34548E+07
        26        0.0001   0.85632E+03   0.87460E+03   0.10670E+04   0.76741E+03   0.26960E+07   0.40000E+01   0.00000E+00   0.10000E+01   0.10000E+02   0.00000E+00   0.26960E+07
        30        0.0001   0.89860E+03   0.84818E+03   0.10891E+04   0.72148E+03   0.16218E+07   0.40000E+01   0.00000E+00   0.10000E+01   0.10000E+02   0.00000E+00   0.16218E+07
        35        0.0001   0.10986E+04   0.84818E+03   0.10891E+04   0.72148E+03   0.34899E+06   0.40000E+01   0.00000E+00   0.10000E+01   0.10000E+02   0.00000E+00   0.34899E+06
        45        0.0001   0.10648E+04   0.80345E+03   0.11352E+04   0.58769E+03   0.81819E+04   0.40000E+01   0.00000E+00   0.10000E+01   0.10000E+02   0.00000E+00   0.81829E+04
        47        0.0001   0.11895E+04   0.76991E+03   0.11698E+04   0.63735E+03   0.78150E-03   0.40000E+01   0.00000E+00   0.10000E+01   0.10000E+02   0.00000E+00   0.10008E+01
        48        0.0001   0.13349E+04   0.73077E+03   0.12101E+04   0.59528E+03   0.24099E-03   0.40000E+01   0.00000E+00   0.10000E+01   0.10000E+02   0.00000E+00   0.10002E+01
        62        0.0001   0.12002E+04   0.77963E+03   0.11737E+04   0.64224E+03   0.00000E+00   0.40000E+01   0.00000E+00   0.10000E+01   0.10000E+02   0.00000E+00   0.10000E+01
